1 011001044
2 011001126
3 011001328
4 011001479
5 011001655
6 011001790
7 011001791
8 011001965
9 011002158
10 011002400
11 011002467
12 011002483
13 011002638
14 011002882
15 011003686
16 011003698
17 011004207
18 011004350
19 011004417
20 011004493
21 011005215
22 011005756
23 011005801
24 011005898
25 011005935
26 011005950
27 011005961
28 011006087
29 011006420
30 011006497
31 011006536
32 011006596
33 011006647
34 011006865
35 011006870
36 011006921
37 011006948
38 011006950
39 011007018
40 011007057
41 011007069
42 011007082
43 011007187
44 011007221
45 011007647
46 011007705
47 011007706
48 011007708
49 011007749
50 011007771
51 011007797
52 011007836
53 011007901
54 011007906
55 011008123
56 011009521
57 011009734
58 011009826
59 011009894
60 011009953
61 011010078
62 011010079
63 011010217
64 011010324
65 011010399
66 011010431
67 011010446
68 011010469
69 011011050
70 011011063
71 011011181
72 011011289
73 011011437
74 011011907
75 011011931
76 011012044
77 011012045
78 011012550
79 011012704
80 011013191
81 011013214
82 011013299
83 011013496
84 011013547
85 011013548
86 011013699
87 011013815
88 011013845
89 011013974
90 011014020
91 011014210
92 011014255
93 011015542
94 011015581
95 011015625
96 011016043
97 011016133
98 011016277
99 011016281
100 011016283
101 011016425
102 011016474
103 011016506
104 011016551
105 011016787
106 011016807
107 011016831
108 011016897
109 011016913
110 011017178
111 011017194
112 011017246
113 011017270
114 011017394
115 011017403
116 011017428
117 011017592
118 011017708
119 011017712
120 011017754
121 011017764
122 011018152
123 011018782
124 011018932
125 011019118
126 011019191
127 011019244
128 011019414
129 011019415
130 011019659
131 011019712
132 011019826
133 011020082
134 011020093
135 011020176
136 011020188
137 011020305
138 011020380
139 011020500
140 011020531
141 011020558
142 011020563
143 011020574
144 011020604
145 011020620
146 011020638
147 011020732
148 011020762
149 011020852
150 011020877
151 011021001
152 011021023
153 011021032
154 011021044
155 011021402
156 011021433
157 011021562
158 011021931
159 011021975
160 011021995
161 011022198
162 011022424
163 011022538
164 011022650
165 011022680
166 011022708
167 011022888
168 011023080
169 011023082
170 011023453
171 011023455
172 011023517
173 011024039
174 011024170
175 011024398
176 011024762
177 011024862
178 011025052
179 011025359
180 011025360
181 011025517
182 011025596
183 011025606
184 011025623
185 011025639
186 011025730
187 011026058
188 011026144
189 011026231
190 011026266
191 011026286
192 011026291
193 011026296
194 011026407
195 011026439
196 011026490
197 011026601
198 011026614
199 011026691
200 011026787
201 011027045
202 011027328
203 011027489
204 011027490
205 011027540
206 011027623
207 011027740
208 011027770
209 011027786
210 011027805
211 011027836
212 011027871
213 011027980
214 011028068
215 011028150
216 011028580
217 011028816
218 011029180
219 011029400
220 011029486
221 011029593
222 011029867
223 011029920
224 011029991
225 011030052
226 011030116
227 011030242
228 011030415
229 011030483
230 011030485
231 011030486
232 011030494
233 011030690
234 011030769
235 011030971
236 011031113
237 011031142
238 011031164
239 011031264
240 011031403
241 011031479
242 011031569
243 011031615
244 011031750
245 011031955
246 011032041
247 011032060
248 011032128
249 011032148
250 011032297
251 011032552
252 011032592
253 011032659
254 011032692
255 011032751
256 011032839
257 011033043
258 011033109
259 011033265
260 011033296
261 011033414
262 011033505
263 011034050
264 011034174
265 011034221
266 011034248
267 011034381
268 011034462
269 011034618
270 011034779
271 011035425
272 011035463
273 011035776
274 011036192
275 011036270
276 011036285
277 011036307
278 011036396
279 011036582
280 011036655
281 011036683
282 011037036
283 011037317
284 011037328
285 011037351
286 011037360
287 011037438
288 011037637
289 011037761
290 011037772
291 011037858
292 011037886
293 011037947
294 011038023
295 011038066
296 011038139
297 011038228
298 011038251
299 011038445
300 011038483
301 011038921
302 011039289
303 011039329
304 011039348
305 011039559
306 011039566
307 011039720
308 011039725
309 011039784
310 011040017
311 011040019
312 011040029
313 011040199
314 011040229
315 011040582
316 011040749
317 011041211
318 011041243
319 011041256
320 011041351
321 011041500
322 011041590
323 011041599
324 011041644
325 011041729
326 011041766
327 011042455
328 011042607
329 011042704
330 011042878
331 011043011
332 011043149
333 011043258
334 011043697
335 011043719
336 011043797
337 011043809
338 011044140
339 011044232
340 011044279
341 011044427
342 011044432
343 011044447
344 011044552
345 011044564
346 011044587
347 011044687
348 011044715
349 011044848
350 011044984
351 011045023
352 011045037
353 011045103
354 011045297
355 011045390
356 011045450
357 011045597
358 011045875
359 011046024
360 011046305
361 011046407
362 011046491
363 011046529
364 011046669
365 011046918
366 011047055
367 011047104
368 011047354
369 011047462
370 011047470
371 011047657
372 011047904
373 011047964
374 011047975
375 011048290
376 011048313
377 011048350
378 011048373
379 011048481
380 011048494
381 011048560
382 011048636
383 011048749
384 011049004
385 011049119
386 011049167
387 011049345
388 011049422
389 011049426
390 011049619
391 011049753
392 011049774
393 011049858
394 011049900
395 011049922
396 011050166
397 011050202
398 011050309
399 011050364
400 011050598
401 011050783
402 011050795
403 011050839
404 011050915
405 011050947
406 011051029
407 011051065
408 011051073
409 011051122
410 011051354
411 011051499
412 011051921
413 011052190
414 011052215
415 011052318
416 011052520
417 011052592
418 011052721
419 011052723
420 011052877
421 011053031
422 011053317
423 011053564
424 011053714
425 011053861
426 011053866
427 011053925
428 011053930
429 011053949
430 011054101
431 011054178
432 011054246
433 011054337
434 011054462
435 011054525
436 011054997
437 011055103
438 011055360
439 011055402
440 011055450
441 011055690
442 011055721
443 011055739
444 011055997
445 011056118
446 011056141
447 011057342
448 011057492
449 011057908
450 011057967
451 011058181
452 011058698
453 011058751
454 011058779
455 011058961
456 011059060
457 021000039
458 021000054
459 021000058
460 021000137
461 021000159
462 021000215
463 021000229
464 021000263
465 021000447
466 021000454
467 021000470
468 021000471
469 021000501
470 021000735
471 021000788
472 021000838
473 021000872
474 021001192
475 021001558
476 021001678
477 021001714
478 021001772
479 021001802
480 021001832
481 021001900
482 021002060
483 021002134
484 021002156
485 021002188
486 021002336
487 021002484
488 021002486
489 021002613
490 021002630
491 021002634
492 021003123
493 021003501
494 021003666
495 021003683
496 021003817
497 021004031
498 021004056
499 021004083
500 021004102
501 021004115
502 021004159
503 021004175
504 021004269
505 021004312
506 021004462
507 021004514
508 021004635
509 021004708
510 021004721
511 021005026
512 021005106
513 021005109
514 021005111
515 021005275
516 021005285
517 021005645
518 021005915
519 021006084
520 021006096
521 021006141
522 021006198
523 021006199
524 021006271
525 021006294
526 021006316
527 021006481
528 021006552
529 021006561
530 021006586
531 021006596
532 021006622
533 021006708
534 021006820
535 021006972
536 021006993
537 021007015
538 021007046
539 021007234
540 021007280
541 021007309
542 021007339
543 021007460
544 021007475
545 021007606
546 021007647
547 021007652
548 021007662
549 021007725
550 021007758
551 021007789
552 021007852
553 021007925
554 021008063
555 021008171
556 021008270
557 021008315
558 021008381
559 021008408
560 021008457
561 021008479
562 021008488
563 021008640
564 021009010
565 021009011
566 021009333
567 021009420
568 021009494
569 021009528
570 021009587
571 021009593
572 021009702
573 021009726
574 021009730
575 021009733
576 021009781
577 021009794
578 021009818
579 021009827
580 021009875
581 021009998
582 021010040
583 021010282
584 021010313
585 021010318
586 021010386
587 021010405
588 021010426
589 021010484
590 021010494
591 021010503
592 021010506
593 021010509
594 021010510
595 021010512
596 021010513
597 021010514
598 021010515
599 021010611
600 021010653
601 021010729
602 021010774
603 021010916
604 021010942
605 021011147
606 021011151
607 021011156
608 021011159
609 021011474
610 021011475
611 021011477
612 021011478
613 021011480
614 021011481
615 021011482
616 021011484
617 021011486
618 021011489
619 021011490
620 021011491
621 021011492
622 021011493
623 021011494
624 021011496
625 021011500
626 021011501
627 021011502
628 021011506
629 021011510
630 021011511
631 021011512
632 021011514
633 021011515
634 021011517
635 021011518
636 021011522
637 021011524
638 021011525
639 021011526
640 021011527
641 021011528
642 021011659
643 021011742
644 021011752
645 021011869
646 021011878
647 021012018
648 021012134
649 021012140
650 021012205
651 021012353
652 021012380
653 021012544
654 021012623
655 021012798
656 021012820
657 021012860
658 021012935
659 021013177
660 021013395
661 021013500
662 021013562
663 021013592
664 021013732
665 021013741
666 021014150
667 021014216
668 021014223
669 021014393
670 021014480
671 021014677
672 021014722
673 021014732
674 021015169
675 021015299
676 021015517
677 021015523
678 021015541
679 021015552
680 021015553
681 021015878
682 021015919
683 021015924
684 021015925
685 021015928
686 021015929
687 021015930
688 021015931
689 021015974
690 021015975
691 021016002
692 021016105
693 021016262
694 021016266
695 021016281
696 021016369
697 021016412
698 021016447
699 021016448
700 021016483
701 021016610
702 021016710
703 021016722
704 021016735
705 021016907
706 021017420
707 021017440
708 021017566
709 021018020
710 021018198
711 021018370
712 021018469
713 021018669
714 021018674
715 021018707
716 021018709
717 021018737
718 021018835
719 021018905
720 021018979
721 021019258
722 021019261
723 021019314
724 021019391
725 021019422
726 021019423
727 021019444
728 021019451
729 021019520
730 021019722
731 021019752
732 021019851
733 021019865
734 021019914
735 021020041
736 021020078
737 021020185
738 021020188
739 021020226
740 021020332
741 021020422
742 021020507
743 021020533
744 021020654
745 021020903
746 021020914
747 021020944
748 021020951
749 021021032
750 021021045
751 021021105
752 021021123
753 021021368
754 021021392
755 021021429
756 021021460
757 021021491
758 021021495
759 021021502
760 021021512
761 021021549
762 021021559
763 021021564
764 021021565
765 021021569
766 021021570
767 021021578
768 021021581
769 021021582
770 021021583
771 021021584
772 021021591
773 021021594
774 021021667
775 021021675
776 021021845
777 021021994
778 021022026
779 021022110
780 021022152
781 021022165
782 021022246
783 021022353
784 021022393
785 021022523
786 021022527
787 021022555
788 021022642
789 021022754
790 021022755
791 021022765
792 021022853
793 021022855
794 021022940
795 021023013
796 021023196
797 021023217
798 021023258
799 021023367
800 021023369
801 021023370
802 021023376
803 021023377
804 021023378
805 021023383
806 021023385
807 021023388
808 021023389
809 021023391
810 021023392
811 021023395
812 021023396
813 021023399
814 021023411
815 021023414
816 021023415
817 021023416
818 021023419
819 021023420
820 021023422
821 021023469
822 021023519
823 021023520
824 021023681
825 021023746
826 021023770
827 021023795
828 021023899
829 021023905
830 021023916
831 021023917
832 021023958
833 021023976
834 021024032
835 021024105
836 021024112
837 021024118
838 021024129
839 021024219
840 021024346
841 021024465
842 021024647
843 021024657
844 021025235
845 021025271
846 021025313
847 021025335
848 021025343
849 021026004
850 021026052
851 021026058
852 031000035
853 031000077
854 031000125
855 031000305
856 031000645
857 031000692
858 031001087
859 031002063
860 031002276
861 031003016
862 031003051
863 031003625
864 031004245
865 031004589
866 031004650
867 031005236
868 031005420
869 031006682
870 031006732
871 031006809
872 031007083
873 031007601
874 031007725
875 031007945
876 031008660
877 031008802
878 031008967
879 031009169
880 031009232
881 031009264
882 031009334
883 031009357
884 031009431
885 031009501
886 031010046
887 031010816
888 031011043
889 031012124
890 031012135
891 031012176
892 031012392
893 041000156
894 041000691
895 041000955
896 041001071
897 041001217
898 041001984
899 041002180
900 041002706
901 041002815
902 041004035
903 041004282
904 041006737
905 041007927
906 041008349
907 041009051
908 041009118
909 041009545
910 041010250
911 041010280
912 041010384
913 041010537
914 041010936
915 041010982
916 041011356
917 051011042
918 051013055
919 051021009
920 051022011
921 051032042
922 051296018
923 051563001
924 051795026
925 061113083
926 061320145
927 071000335
928 071001066
929 071002110
930 071002747
931 071002794
932 071003350
933 081001060
934 081002725
935 081003439
936 081006287
